{
 "cells": [
  {
   "cell_type": "code",
   "execution_count": 1,
   "metadata": {},
   "outputs": [],
   "source": [
    "import numpy as np"
   ]
  },
  {
   "cell_type": "markdown",
   "metadata": {},
   "source": [
    "# Policy Evaluation"
   ]
  },
  {
   "cell_type": "code",
   "execution_count": 2,
   "metadata": {},
   "outputs": [],
   "source": [
    "# 상태가치함수 v_k-1을 입력으로 새로운 상태의 값을 계산하는 함수 \n",
    "def get_value(v_prev, row, col, pi):\n",
    "    # north, south, east, west 에 대한 밸류 계산\n",
    "    west_value = pi[0] * (-1 + 1 * v_prev[row, max(0, col - 1)])\n",
    "    east_value = pi[1] * (-1 + 1 * v_prev[row, min(v_prev.shape[1] - 1, col + 1)])\n",
    "    north_value = pi[2] * (-1 + 1 * v_prev[max(0, row - 1), col])\n",
    "    south_value = pi[3] * (-1 + 1 * v_prev[min(v_prev.shape[0] - 1, row + 1), col])\n",
    "    # 밸류의 합 계산 (정책)\n",
    "    value = north_value + south_value + east_value + west_value\n",
    "    return value"
   ]
  },
  {
   "cell_type": "code",
   "execution_count": 3,
   "metadata": {},
   "outputs": [],
   "source": [
    "# 상태가치함수 v_k-1을 입력으로 새로은 상태가치함수 v_k를 만드는 함수\n",
    "def update_value(v_prev, pi):\n",
    "    v_new = np.zeros_like(v_prev)\n",
    "    for row in range(v_prev.shape[0]):\n",
    "        for col in range(v_prev.shape[1]):\n",
    "            if row == v_prev.shape[0] - 1 and col ==  v_prev.shape[1] - 1: # 마지막 상태 종료상태로 계산에서 제외\n",
    "                pass\n",
    "            else:\n",
    "                v_new[row, col] = get_value(v_prev, row, col, pi)\n",
    "    return v_new"
   ]
  },
  {
   "cell_type": "code",
   "execution_count": 4,
   "metadata": {},
   "outputs": [],
   "source": [
    "# 정책: north, south, east, west\n",
    "pi = [0.25, 0.25, 0.25, 0.25]"
   ]
  },
  {
   "cell_type": "code",
   "execution_count": 5,
   "metadata": {},
   "outputs": [
    {
     "data": {
      "text/plain": [
       "array([[0., 0., 0., 0.],\n",
       "       [0., 0., 0., 0.],\n",
       "       [0., 0., 0., 0.],\n",
       "       [0., 0., 0., 0.]])"
      ]
     },
     "execution_count": 5,
     "metadata": {},
     "output_type": "execute_result"
    }
   ],
   "source": [
    "# v_0 초기화\n",
    "v_0 = np.zeros((4, 4))\n",
    "v_0"
   ]
  },
  {
   "cell_type": "code",
   "execution_count": 6,
   "metadata": {},
   "outputs": [
    {
     "name": "stdout",
     "output_type": "stream",
     "text": [
      "-------- 001 --------\n",
      "[[-1. -1. -1. -1.]\n",
      " [-1. -1. -1. -1.]\n",
      " [-1. -1. -1. -1.]\n",
      " [-1. -1. -1.  0.]]\n",
      "-------- 002 --------\n",
      "[[-2.   -2.   -2.   -2.  ]\n",
      " [-2.   -2.   -2.   -2.  ]\n",
      " [-2.   -2.   -2.   -1.75]\n",
      " [-2.   -2.   -1.75  0.  ]]\n",
      "-------- 003 --------\n",
      "[[-3.   -3.   -3.   -3.  ]\n",
      " [-3.   -3.   -3.   -2.94]\n",
      " [-3.   -3.   -2.88 -2.44]\n",
      " [-3.   -2.94 -2.44  0.  ]]\n",
      "-------- 004 --------\n",
      "[[-4.   -4.   -4.   -3.98]\n",
      " [-4.   -4.   -3.95 -3.84]\n",
      " [-4.   -3.95 -3.72 -3.06]\n",
      " [-3.98 -3.84 -3.06  0.  ]]\n",
      "-------- 005 --------\n",
      "[[-5.   -5.   -4.98 -4.95]\n",
      " [-5.   -4.98 -4.89 -4.71]\n",
      " [-4.98 -4.89 -4.51 -3.66]\n",
      " [-4.95 -4.71 -3.66  0.  ]]\n",
      "-------- 006 --------\n",
      "[[-6.   -5.99 -5.96 -5.9 ]\n",
      " [-5.99 -5.95 -5.79 -5.55]\n",
      " [-5.96 -5.79 -5.27 -4.22]\n",
      " [-5.9  -5.55 -4.22  0.  ]]\n",
      "-------- 007 --------\n",
      "[[-7.   -6.97 -6.91 -6.83]\n",
      " [-6.97 -6.89 -6.68 -6.37]\n",
      " [-6.91 -6.68 -6.01 -4.76]\n",
      " [-6.83 -6.37 -4.76  0.  ]]\n",
      "-------- 008 --------\n",
      "[[-7.98 -7.94 -7.85 -7.73]\n",
      " [-7.94 -7.83 -7.54 -7.16]\n",
      " [-7.85 -7.54 -6.72 -5.28]\n",
      " [-7.73 -7.16 -5.28  0.  ]]\n",
      "-------- 009 --------\n",
      "[[-8.96 -8.9  -8.77 -8.62]\n",
      " [-8.9  -8.74 -8.39 -7.93]\n",
      " [-8.77 -8.39 -7.41 -5.79]\n",
      " [-8.62 -7.93 -5.79  0.  ]]\n",
      "-------- 010 --------\n",
      "[[-9.93 -9.84 -9.67 -9.48]\n",
      " [-9.84 -9.65 -9.21 -8.68]\n",
      " [-9.67 -9.21 -8.09 -6.28]\n",
      " [-9.48 -8.68 -6.28  0.  ]]\n",
      "-------- 011 --------\n",
      "[[-10.89 -10.77 -10.55 -10.33]\n",
      " [-10.77 -10.53 -10.02  -9.42]\n",
      " [-10.55 -10.02  -8.75  -6.76]\n",
      " [-10.33  -9.42  -6.76   0.  ]]\n",
      "-------- 012 --------\n",
      "[[-11.83 -11.69 -11.42 -11.16]\n",
      " [-11.69 -11.4  -10.81 -10.13]\n",
      " [-11.42 -10.81  -9.39  -7.23]\n",
      " [-11.16 -10.13  -7.23   0.  ]]\n",
      "-------- 013 --------\n",
      "[[-12.76 -12.58 -12.27 -11.97]\n",
      " [-12.58 -12.25 -11.59 -10.83]\n",
      " [-12.27 -11.59 -10.02  -7.69]\n",
      " [-11.97 -10.83  -7.69   0.  ]]\n",
      "-------- 014 --------\n",
      "[[-13.67 -13.46 -13.1  -12.76]\n",
      " [-13.46 -13.08 -12.34 -11.52]\n",
      " [-13.1  -12.34 -10.64  -8.14]\n",
      " [-12.76 -11.52  -8.14   0.  ]]\n",
      "-------- 015 --------\n",
      "[[-14.57 -14.33 -13.92 -13.53]\n",
      " [-14.33 -13.9  -13.09 -12.19]\n",
      " [-13.92 -13.09 -11.24  -8.57]\n",
      " [-13.53 -12.19  -8.57   0.  ]]\n",
      "-------- 016 --------\n",
      "[[-15.45 -15.18 -14.72 -14.29]\n",
      " [-15.18 -14.71 -13.81 -12.85]\n",
      " [-14.72 -13.81 -11.83  -9.  ]\n",
      " [-14.29 -12.85  -9.     0.  ]]\n",
      "-------- 017 --------\n",
      "[[-16.31 -16.01 -15.5  -15.04]\n",
      " [-16.01 -15.5  -14.52 -13.49]\n",
      " [-15.5  -14.52 -12.41  -9.42]\n",
      " [-15.04 -13.49  -9.42   0.  ]]\n",
      "-------- 018 --------\n",
      "[[-17.16 -16.83 -16.27 -15.77]\n",
      " [-16.83 -16.27 -15.22 -14.12]\n",
      " [-16.27 -15.22 -12.97  -9.83]\n",
      " [-15.77 -14.12  -9.83   0.  ]]\n",
      "-------- 019 --------\n",
      "[[-18.   -17.63 -17.02 -16.48]\n",
      " [-17.63 -17.03 -15.91 -14.73]\n",
      " [-17.02 -15.91 -13.53 -10.23]\n",
      " [-16.48 -14.73 -10.23   0.  ]]\n",
      "-------- 020 --------\n",
      "[[-18.82 -18.42 -17.76 -17.18]\n",
      " [-18.42 -17.77 -16.58 -15.34]\n",
      " [-17.76 -16.58 -14.07 -10.62]\n",
      " [-17.18 -15.34 -10.62   0.  ]]\n",
      "-------- 021 --------\n",
      "[[-19.62 -19.19 -18.48 -17.86]\n",
      " [-19.19 -18.5  -17.23 -15.93]\n",
      " [-18.48 -17.23 -14.6  -11.01]\n",
      " [-17.86 -15.93 -11.01   0.  ]]\n",
      "-------- 022 --------\n",
      "[[-20.4  -19.95 -19.19 -18.53]\n",
      " [-19.95 -19.21 -17.88 -16.51]\n",
      " [-19.19 -17.88 -15.12 -11.38]\n",
      " [-18.53 -16.51 -11.38   0.  ]]\n",
      "-------- 023 --------\n",
      "[[-21.18 -20.69 -19.89 -19.19]\n",
      " [-20.69 -19.91 -18.51 -17.08]\n",
      " [-19.89 -18.51 -15.63 -11.75]\n",
      " [-19.19 -17.08 -11.75   0.  ]]\n",
      "-------- 024 --------\n",
      "[[-21.93 -21.42 -20.57 -19.84]\n",
      " [-21.42 -20.6  -19.13 -17.63]\n",
      " [-20.57 -19.13 -16.13 -12.11]\n",
      " [-19.84 -17.63 -12.11   0.  ]]\n",
      "-------- 025 --------\n",
      "[[-22.67 -22.13 -21.24 -20.47]\n",
      " [-22.13 -21.27 -19.73 -18.18]\n",
      " [-21.24 -19.73 -16.62 -12.47]\n",
      " [-20.47 -18.18 -12.47   0.  ]]\n",
      "-------- 026 --------\n",
      "[[-23.4  -22.83 -21.89 -21.09]\n",
      " [-22.83 -21.93 -20.33 -18.71]\n",
      " [-21.89 -20.33 -17.1  -12.82]\n",
      " [-21.09 -18.71 -12.82   0.  ]]\n",
      "-------- 027 --------\n",
      "[[-24.12 -23.51 -22.53 -21.7 ]\n",
      " [-23.51 -22.58 -20.91 -19.24]\n",
      " [-22.53 -20.91 -17.57 -13.16]\n",
      " [-21.7  -19.24 -13.16   0.  ]]\n",
      "-------- 028 --------\n",
      "[[-24.81 -24.19 -23.16 -22.29]\n",
      " [-24.19 -23.21 -21.48 -19.75]\n",
      " [-23.16 -21.48 -18.03 -13.49]\n",
      " [-22.29 -19.75 -13.49   0.  ]]\n",
      "-------- 029 --------\n",
      "[[-25.5  -24.84 -23.78 -22.87]\n",
      " [-24.84 -23.83 -22.04 -20.25]\n",
      " [-23.78 -22.04 -18.49 -13.82]\n",
      " [-22.87 -20.25 -13.82   0.  ]]\n",
      "-------- 030 --------\n",
      "[[-26.17 -25.49 -24.38 -23.44]\n",
      " [-25.49 -24.44 -22.59 -20.75]\n",
      " [-24.38 -22.59 -18.93 -14.14]\n",
      " [-23.44 -20.75 -14.14   0.  ]]\n",
      "-------- 031 --------\n",
      "[[-26.83 -26.12 -24.98 -24.  ]\n",
      " [-26.12 -25.04 -23.13 -21.23]\n",
      " [-24.98 -23.13 -19.36 -14.45]\n",
      " [-24.   -21.23 -14.45   0.  ]]\n",
      "-------- 032 --------\n",
      "[[-27.48 -26.74 -25.56 -24.55]\n",
      " [-26.74 -25.62 -23.65 -21.7 ]\n",
      " [-25.56 -23.65 -19.79 -14.76]\n",
      " [-24.55 -21.7  -14.76   0.  ]]\n",
      "-------- 033 --------\n",
      "[[-28.11 -27.35 -26.13 -25.09]\n",
      " [-27.35 -26.2  -24.17 -22.17]\n",
      " [-26.13 -24.17 -20.21 -15.06]\n",
      " [-25.09 -22.17 -15.06   0.  ]]\n",
      "-------- 034 --------\n",
      "[[-28.73 -27.95 -26.68 -25.62]\n",
      " [-27.95 -26.76 -24.67 -22.62]\n",
      " [-26.68 -24.67 -20.62 -15.36]\n",
      " [-25.62 -22.62 -15.36   0.  ]]\n",
      "-------- 035 --------\n",
      "[[-29.34 -28.53 -27.23 -26.14]\n",
      " [-28.53 -27.31 -25.17 -23.07]\n",
      " [-27.23 -25.17 -21.02 -15.65]\n",
      " [-26.14 -23.07 -15.65   0.  ]]\n",
      "-------- 036 --------\n",
      "[[-29.93 -29.1  -27.77 -26.64]\n",
      " [-29.1  -27.85 -25.66 -23.51]\n",
      " [-27.77 -25.66 -21.41 -15.93]\n",
      " [-26.64 -23.51 -15.93   0.  ]]\n",
      "-------- 037 --------\n",
      "[[-30.52 -29.66 -28.29 -27.14]\n",
      " [-29.66 -28.38 -26.13 -23.94]\n",
      " [-28.29 -26.13 -21.8  -16.21]\n",
      " [-27.14 -23.94 -16.21   0.  ]]\n",
      "-------- 038 --------\n",
      "[[-31.09 -30.21 -28.81 -27.63]\n",
      " [-30.21 -28.9  -26.6  -24.36]\n",
      " [-28.81 -26.6  -22.17 -16.49]\n",
      " [-27.63 -24.36 -16.49   0.  ]]\n",
      "-------- 039 --------\n",
      "[[-31.65 -30.75 -29.31 -28.1 ]\n",
      " [-30.75 -29.41 -27.06 -24.77]\n",
      " [-29.31 -27.06 -22.54 -16.75]\n",
      " [-28.1  -24.77 -16.75   0.  ]]\n",
      "-------- 040 --------\n",
      "[[-32.2  -31.28 -29.81 -28.57]\n",
      " [-31.28 -29.91 -27.51 -25.17]\n",
      " [-29.81 -27.51 -22.91 -17.02]\n",
      " [-28.57 -25.17 -17.02   0.  ]]\n",
      "-------- 041 --------\n",
      "[[-32.74 -31.8  -30.29 -29.03]\n",
      " [-31.8  -30.39 -27.95 -25.57]\n",
      " [-30.29 -27.95 -23.26 -17.27]\n",
      " [-29.03 -25.57 -17.27   0.  ]]\n",
      "-------- 042 --------\n",
      "[[-33.27 -32.31 -30.77 -29.48]\n",
      " [-32.31 -30.87 -28.38 -25.95]\n",
      " [-30.77 -28.38 -23.61 -17.53]\n",
      " [-29.48 -25.95 -17.53   0.  ]]\n",
      "-------- 043 --------\n",
      "[[-33.79 -32.8  -31.23 -29.92]\n",
      " [-32.8  -31.34 -28.8  -26.33]\n",
      " [-31.23 -28.8  -23.95 -17.77]\n",
      " [-29.92 -26.33 -17.77   0.  ]]\n",
      "-------- 044 --------\n",
      "[[-34.3  -33.29 -31.69 -30.35]\n",
      " [-33.29 -31.8  -29.22 -26.71]\n",
      " [-31.69 -29.22 -24.29 -18.01]\n",
      " [-30.35 -26.71 -18.01   0.  ]]\n",
      "-------- 045 --------\n",
      "[[-34.79 -33.77 -32.14 -30.77]\n",
      " [-33.77 -32.25 -29.62 -27.07]\n",
      " [-32.14 -29.62 -24.61 -18.25]\n",
      " [-30.77 -27.07 -18.25   0.  ]]\n",
      "-------- 046 --------\n",
      "[[-35.28 -34.24 -32.58 -31.19]\n",
      " [-34.24 -32.7  -30.02 -27.43]\n",
      " [-32.58 -30.02 -24.94 -18.48]\n",
      " [-31.19 -27.43 -18.48   0.  ]]\n",
      "-------- 047 --------\n",
      "[[-35.76 -34.7  -33.01 -31.6 ]\n",
      " [-34.7  -33.13 -30.41 -27.78]\n",
      " [-33.01 -30.41 -25.25 -18.71]\n",
      " [-31.6  -27.78 -18.71   0.  ]]\n",
      "-------- 048 --------\n",
      "[[-36.23 -35.15 -33.43 -31.99]\n",
      " [-35.15 -33.55 -30.79 -28.12]\n",
      " [-33.43 -30.79 -25.56 -18.94]\n",
      " [-31.99 -28.12 -18.94   0.  ]]\n",
      "-------- 049 --------\n",
      "[[-36.69 -35.59 -33.84 -32.39]\n",
      " [-35.59 -33.97 -31.17 -28.46]\n",
      " [-33.84 -31.17 -25.86 -19.16]\n",
      " [-32.39 -28.46 -19.16   0.  ]]\n",
      "-------- 050 --------\n",
      "[[-37.14 -36.02 -34.25 -32.77]\n",
      " [-36.02 -34.38 -31.53 -28.79]\n",
      " [-34.25 -31.53 -26.16 -19.37]\n",
      " [-32.77 -28.79 -19.37   0.  ]]\n",
      "-------- 051 --------\n",
      "[[-37.58 -36.45 -34.64 -33.14]\n",
      " [-36.45 -34.78 -31.89 -29.12]\n",
      " [-34.64 -31.89 -26.45 -19.58]\n",
      " [-33.14 -29.12 -19.58   0.  ]]\n",
      "-------- 052 --------\n",
      "[[-38.01 -36.86 -35.03 -33.51]\n",
      " [-36.86 -35.17 -32.25 -29.43]\n",
      " [-35.03 -32.25 -26.74 -19.79]\n",
      " [-33.51 -29.43 -19.79   0.  ]]\n",
      "-------- 053 --------\n",
      "[[-38.44 -37.27 -35.41 -33.87]\n",
      " [-37.27 -35.55 -32.59 -29.75]\n",
      " [-35.41 -32.59 -27.02 -19.99]\n",
      " [-33.87 -29.75 -19.99   0.  ]]\n",
      "-------- 054 --------\n",
      "[[-38.85 -37.67 -35.79 -34.23]\n",
      " [-37.67 -35.93 -32.93 -30.05]\n",
      " [-35.79 -32.93 -27.29 -20.19]\n",
      " [-34.23 -30.05 -20.19   0.  ]]\n",
      "-------- 055 --------\n",
      "[[-39.26 -38.06 -36.15 -34.57]\n",
      " [-38.06 -36.3  -33.27 -30.35]\n",
      " [-36.15 -33.27 -27.56 -20.38]\n",
      " [-34.57 -30.35 -20.38   0.  ]]\n",
      "-------- 056 --------\n",
      "[[-39.66 -38.44 -36.51 -34.91]\n",
      " [-38.44 -36.66 -33.59 -30.64]\n",
      " [-36.51 -33.59 -27.82 -20.57]\n",
      " [-34.91 -30.64 -20.57   0.  ]]\n",
      "-------- 057 --------\n",
      "[[-40.05 -38.82 -36.86 -35.24]\n",
      " [-38.82 -37.02 -33.91 -30.93]\n",
      " [-36.86 -33.91 -28.08 -20.76]\n",
      " [-35.24 -30.93 -20.76   0.  ]]\n",
      "-------- 058 --------\n",
      "[[-40.44 -39.19 -37.21 -35.57]\n",
      " [-39.19 -37.37 -34.22 -31.21]\n",
      " [-37.21 -34.22 -28.34 -20.94]\n",
      " [-35.57 -31.21 -20.94   0.  ]]\n",
      "-------- 059 --------\n",
      "[[-40.81 -39.55 -37.55 -35.89]\n",
      " [-39.55 -37.71 -34.53 -31.49]\n",
      " [-37.55 -34.53 -28.58 -21.12]\n",
      " [-35.89 -31.49 -21.12   0.  ]]\n",
      "-------- 060 --------\n",
      "[[-41.18 -39.9  -37.88 -36.2 ]\n",
      " [-39.9  -38.04 -34.83 -31.76]\n",
      " [-37.88 -34.83 -28.83 -21.3 ]\n",
      " [-36.2  -31.76 -21.3    0.  ]]\n",
      "-------- 061 --------\n",
      "[[-41.54 -40.25 -38.2  -36.51]\n",
      " [-40.25 -38.37 -35.13 -32.02]\n",
      " [-38.2  -35.13 -29.06 -21.47]\n",
      " [-36.51 -32.02 -21.47   0.  ]]\n",
      "-------- 062 --------\n",
      "[[-41.9  -40.59 -38.52 -36.81]\n",
      " [-40.59 -38.69 -35.41 -32.28]\n",
      " [-38.52 -35.41 -29.3  -21.64]\n",
      " [-36.81 -32.28 -21.64   0.  ]]\n",
      "-------- 063 --------\n",
      "[[-42.24 -40.93 -38.84 -37.11]\n",
      " [-40.93 -39.   -35.7  -32.54]\n",
      " [-38.84 -35.7  -29.53 -21.81]\n",
      " [-37.11 -32.54 -21.81   0.  ]]\n",
      "-------- 064 --------\n",
      "[[-42.58 -41.25 -39.14 -37.4 ]\n",
      " [-41.25 -39.31 -35.98 -32.79]\n",
      " [-39.14 -35.98 -29.75 -21.97]\n",
      " [-37.4  -32.79 -21.97   0.  ]]\n",
      "-------- 065 --------\n",
      "[[-42.92 -41.57 -39.44 -37.68]\n",
      " [-41.57 -39.61 -36.25 -33.03]\n",
      " [-39.44 -36.25 -29.97 -22.13]\n",
      " [-37.68 -33.03 -22.13   0.  ]]\n",
      "-------- 066 --------\n",
      "[[-43.25 -41.89 -39.74 -37.96]\n",
      " [-41.89 -39.91 -36.51 -33.27]\n",
      " [-39.74 -36.51 -30.19 -22.28]\n",
      " [-37.96 -33.27 -22.28   0.  ]]\n",
      "-------- 067 --------\n",
      "[[-43.57 -42.19 -40.02 -38.23]\n",
      " [-42.19 -40.2  -36.78 -33.51]\n",
      " [-40.02 -36.78 -30.4  -22.44]\n",
      " [-38.23 -33.51 -22.44   0.  ]]\n",
      "-------- 068 --------\n",
      "[[-43.88 -42.5  -40.31 -38.5 ]\n",
      " [-42.5  -40.49 -37.03 -33.74]\n",
      " [-40.31 -37.03 -30.61 -22.59]\n",
      " [-38.5  -33.74 -22.59   0.  ]]\n",
      "-------- 069 --------\n",
      "[[-44.19 -42.79 -40.58 -38.76]\n",
      " [-42.79 -40.76 -37.28 -33.96]\n",
      " [-40.58 -37.28 -30.81 -22.73]\n",
      " [-38.76 -33.96 -22.73   0.  ]]\n",
      "-------- 070 --------\n",
      "[[-44.49 -43.08 -40.85 -39.02]\n",
      " [-43.08 -41.04 -37.53 -34.18]\n",
      " [-40.85 -37.53 -31.01 -22.88]\n",
      " [-39.02 -34.18 -22.88   0.  ]]\n",
      "-------- 071 --------\n",
      "[[-44.79 -43.37 -41.12 -39.27]\n",
      " [-43.37 -41.31 -37.77 -34.4 ]\n",
      " [-41.12 -37.77 -31.2  -23.02]\n",
      " [-39.27 -34.4  -23.02   0.  ]]\n",
      "-------- 072 --------\n",
      "[[-45.08 -43.64 -41.38 -39.51]\n",
      " [-43.64 -41.57 -38.01 -34.61]\n",
      " [-41.38 -38.01 -31.39 -23.16]\n",
      " [-39.51 -34.61 -23.16   0.  ]]\n",
      "-------- 073 --------\n",
      "[[-45.36 -43.92 -41.64 -39.76]\n",
      " [-43.92 -41.83 -38.24 -34.82]\n",
      " [-41.64 -38.24 -31.58 -23.29]\n",
      " [-39.76 -34.82 -23.29   0.  ]]\n",
      "-------- 074 --------\n",
      "[[-45.64 -44.19 -41.89 -39.99]\n",
      " [-44.19 -42.08 -38.47 -35.03]\n",
      " [-41.89 -38.47 -31.77 -23.42]\n",
      " [-39.99 -35.03 -23.42   0.  ]]\n",
      "-------- 075 --------\n",
      "[[-45.91 -44.45 -42.13 -40.23]\n",
      " [-44.45 -42.33 -38.69 -35.23]\n",
      " [-42.13 -38.69 -31.95 -23.55]\n",
      " [-40.23 -35.23 -23.55   0.  ]]\n",
      "-------- 076 --------\n",
      "[[-46.18 -44.71 -42.37 -40.45]\n",
      " [-44.71 -42.57 -38.91 -35.42]\n",
      " [-42.37 -38.91 -32.12 -23.68]\n",
      " [-40.45 -35.42 -23.68   0.  ]]\n",
      "-------- 077 --------\n",
      "[[-46.44 -44.96 -42.61 -40.68]\n",
      " [-44.96 -42.81 -39.12 -35.62]\n",
      " [-42.61 -39.12 -32.3  -23.81]\n",
      " [-40.68 -35.62 -23.81   0.  ]]\n",
      "-------- 078 --------\n",
      "[[-46.7  -45.2  -42.84 -40.9 ]\n",
      " [-45.2  -43.04 -39.33 -35.81]\n",
      " [-42.84 -39.33 -32.46 -23.93]\n",
      " [-40.9  -35.81 -23.93   0.  ]]\n",
      "-------- 079 --------\n",
      "[[-46.95 -45.45 -43.07 -41.11]\n",
      " [-45.45 -43.27 -39.54 -35.99]\n",
      " [-43.07 -39.54 -32.63 -24.05]\n",
      " [-41.11 -35.99 -24.05   0.  ]]\n",
      "-------- 080 --------\n",
      "[[-47.2  -45.68 -43.29 -41.32]\n",
      " [-45.68 -43.49 -39.74 -36.17]\n",
      " [-43.29 -39.74 -32.79 -24.17]\n",
      " [-41.32 -36.17 -24.17   0.  ]]\n",
      "-------- 081 --------\n",
      "[[-47.44 -45.92 -43.51 -41.53]\n",
      " [-45.92 -43.71 -39.94 -36.35]\n",
      " [-43.51 -39.94 -32.95 -24.28]\n",
      " [-41.53 -36.35 -24.28   0.  ]]\n",
      "-------- 082 --------\n",
      "[[-47.68 -46.14 -43.72 -41.73]\n",
      " [-46.14 -43.93 -40.13 -36.52]\n",
      " [-43.72 -40.13 -33.11 -24.4 ]\n",
      " [-41.73 -36.52 -24.4    0.  ]]\n",
      "-------- 083 --------\n",
      "[[-47.91 -46.37 -43.93 -41.93]\n",
      " [-46.37 -44.14 -40.32 -36.69]\n",
      " [-43.93 -40.32 -33.26 -24.51]\n",
      " [-41.93 -36.69 -24.51   0.  ]]\n",
      "-------- 084 --------\n",
      "[[-48.14 -46.59 -44.14 -42.12]\n",
      " [-46.59 -44.34 -40.51 -36.86]\n",
      " [-44.14 -40.51 -33.41 -24.62]\n",
      " [-42.12 -36.86 -24.62   0.  ]]\n",
      "-------- 085 --------\n",
      "[[-48.36 -46.8  -44.34 -42.31]\n",
      " [-46.8  -44.55 -40.69 -37.03]\n",
      " [-44.34 -40.69 -33.56 -24.72]\n",
      " [-42.31 -37.03 -24.72   0.  ]]\n",
      "-------- 086 --------\n",
      "[[-48.58 -47.01 -44.53 -42.5 ]\n",
      " [-47.01 -44.75 -40.87 -37.19]\n",
      " [-44.53 -40.87 -33.71 -24.83]\n",
      " [-42.5  -37.19 -24.83   0.  ]]\n",
      "-------- 087 --------\n",
      "[[-48.8  -47.22 -44.73 -42.68]\n",
      " [-47.22 -44.94 -41.04 -37.34]\n",
      " [-44.73 -41.04 -33.85 -24.93]\n",
      " [-42.68 -37.34 -24.93   0.  ]]\n",
      "-------- 088 --------\n",
      "[[-49.01 -47.42 -44.92 -42.86]\n",
      " [-47.42 -45.13 -41.22 -37.5 ]\n",
      " [-44.92 -41.22 -33.99 -25.03]\n",
      " [-42.86 -37.5  -25.03   0.  ]]\n",
      "-------- 089 --------\n",
      "[[-49.21 -47.62 -45.1  -43.03]\n",
      " [-47.62 -45.32 -41.38 -37.65]\n",
      " [-45.1  -41.38 -34.12 -25.13]\n",
      " [-43.03 -37.65 -25.13   0.  ]]\n",
      "-------- 090 --------\n",
      "[[-49.42 -47.81 -45.28 -43.2 ]\n",
      " [-47.81 -45.5  -41.55 -37.8 ]\n",
      " [-45.28 -41.55 -34.26 -25.23]\n",
      " [-43.2  -37.8  -25.23   0.  ]]\n",
      "-------- 091 --------\n",
      "[[-49.62 -48.   -45.46 -43.37]\n",
      " [-48.   -45.68 -41.71 -37.94]\n",
      " [-45.46 -41.71 -34.39 -25.32]\n",
      " [-43.37 -37.94 -25.32   0.  ]]\n",
      "-------- 092 --------\n",
      "[[-49.81 -48.19 -45.64 -43.54]\n",
      " [-48.19 -45.86 -41.87 -38.09]\n",
      " [-45.64 -41.87 -34.52 -25.41]\n",
      " [-43.54 -38.09 -25.41   0.  ]]\n",
      "-------- 093 --------\n",
      "[[-50.   -48.37 -45.81 -43.7 ]\n",
      " [-48.37 -46.03 -42.02 -38.23]\n",
      " [-45.81 -42.02 -34.64 -25.5 ]\n",
      " [-43.7  -38.23 -25.5    0.  ]]\n",
      "-------- 094 --------\n",
      "[[-50.19 -48.55 -45.98 -43.86]\n",
      " [-48.55 -46.2  -42.18 -38.36]\n",
      " [-45.98 -42.18 -34.76 -25.59]\n",
      " [-43.86 -38.36 -25.59   0.  ]]\n",
      "-------- 095 --------\n",
      "[[-50.37 -48.73 -46.14 -44.01]\n",
      " [-48.73 -46.36 -42.33 -38.5 ]\n",
      " [-46.14 -42.33 -34.88 -25.68]\n",
      " [-44.01 -38.5  -25.68   0.  ]]\n",
      "-------- 096 --------\n",
      "[[-50.55 -48.9  -46.3  -44.17]\n",
      " [-48.9  -46.53 -42.47 -38.63]\n",
      " [-46.3  -42.47 -35.   -25.77]\n",
      " [-44.17 -38.63 -25.77   0.  ]]\n",
      "-------- 097 --------\n",
      "[[-50.73 -49.07 -46.46 -44.32]\n",
      " [-49.07 -46.69 -42.62 -38.76]\n",
      " [-46.46 -42.62 -35.12 -25.85]\n",
      " [-44.32 -38.76 -25.85   0.  ]]\n",
      "-------- 098 --------\n",
      "[[-50.9  -49.24 -46.62 -44.46]\n",
      " [-49.24 -46.84 -42.76 -38.89]\n",
      " [-46.62 -42.76 -35.23 -25.93]\n",
      " [-44.46 -38.89 -25.93   0.  ]]\n",
      "-------- 099 --------\n",
      "[[-51.07 -49.4  -46.77 -44.61]\n",
      " [-49.4  -47.   -42.89 -39.01]\n",
      " [-46.77 -42.89 -35.34 -26.01]\n",
      " [-44.61 -39.01 -26.01   0.  ]]\n",
      "-------- 100 --------\n",
      "[[-51.23 -49.56 -46.92 -44.75]\n",
      " [-49.56 -47.15 -43.03 -39.13]\n",
      " [-46.92 -43.03 -35.45 -26.09]\n",
      " [-44.75 -39.13 -26.09   0.  ]]\n",
      "-------- 101 --------\n",
      "[[-51.39 -49.71 -47.06 -44.89]\n",
      " [-49.71 -47.29 -43.16 -39.25]\n",
      " [-47.06 -43.16 -35.56 -26.17]\n",
      " [-44.89 -39.25 -26.17   0.  ]]\n",
      "-------- 102 --------\n",
      "[[-51.55 -49.87 -47.21 -45.02]\n",
      " [-49.87 -47.44 -43.29 -39.37]\n",
      " [-47.21 -43.29 -35.67 -26.24]\n",
      " [-45.02 -39.37 -26.24   0.  ]]\n",
      "-------- 103 --------\n",
      "[[-51.71 -50.02 -47.35 -45.15]\n",
      " [-50.02 -47.58 -43.42 -39.48]\n",
      " [-47.35 -43.42 -35.77 -26.32]\n",
      " [-45.15 -39.48 -26.32   0.  ]]\n",
      "-------- 104 --------\n",
      "[[-51.86 -50.16 -47.48 -45.28]\n",
      " [-50.16 -47.72 -43.54 -39.59]\n",
      " [-47.48 -43.54 -35.87 -26.39]\n",
      " [-45.28 -39.59 -26.39   0.  ]]\n",
      "-------- 105 --------\n",
      "[[-52.01 -50.31 -47.62 -45.41]\n",
      " [-50.31 -47.85 -43.67 -39.7 ]\n",
      " [-47.62 -43.67 -35.97 -26.46]\n",
      " [-45.41 -39.7  -26.46   0.  ]]\n",
      "-------- 106 --------\n",
      "[[-52.16 -50.45 -47.75 -45.54]\n",
      " [-50.45 -47.99 -43.79 -39.81]\n",
      " [-47.75 -43.79 -36.06 -26.53]\n",
      " [-45.54 -39.81 -26.53   0.  ]]\n",
      "-------- 107 --------\n",
      "[[-52.3  -50.59 -47.88 -45.66]\n",
      " [-50.59 -48.12 -43.9  -39.92]\n",
      " [-47.88 -43.9  -36.16 -26.6 ]\n",
      " [-45.66 -39.92 -26.6    0.  ]]\n",
      "-------- 108 --------\n",
      "[[-52.44 -50.72 -48.01 -45.78]\n",
      " [-50.72 -48.24 -44.02 -40.02]\n",
      " [-48.01 -44.02 -36.25 -26.67]\n",
      " [-45.78 -40.02 -26.67   0.  ]]\n",
      "-------- 109 --------\n",
      "[[-52.58 -50.85 -48.13 -45.9 ]\n",
      " [-50.85 -48.37 -44.13 -40.12]\n",
      " [-48.13 -44.13 -36.34 -26.74]\n",
      " [-45.9  -40.12 -26.74   0.  ]]\n",
      "-------- 110 --------\n",
      "[[-52.72 -50.98 -48.25 -46.01]\n",
      " [-50.98 -48.49 -44.24 -40.22]\n",
      " [-48.25 -44.24 -36.43 -26.8 ]\n",
      " [-46.01 -40.22 -26.8    0.  ]]\n",
      "-------- 111 --------\n",
      "[[-52.85 -51.11 -48.37 -46.12]\n",
      " [-51.11 -48.61 -44.35 -40.32]\n",
      " [-48.37 -44.35 -36.52 -26.86]\n",
      " [-46.12 -40.32 -26.86   0.  ]]\n",
      "-------- 112 --------\n",
      "[[-52.98 -51.24 -48.49 -46.23]\n",
      " [-51.24 -48.73 -44.46 -40.41]\n",
      " [-48.49 -44.46 -36.61 -26.93]\n",
      " [-46.23 -40.41 -26.93   0.  ]]\n",
      "-------- 113 --------\n",
      "[[-53.11 -51.36 -48.6  -46.34]\n",
      " [-51.36 -48.85 -44.56 -40.51]\n",
      " [-48.6  -44.56 -36.69 -26.99]\n",
      " [-46.34 -40.51 -26.99   0.  ]]\n",
      "-------- 114 --------\n",
      "[[-53.23 -51.48 -48.72 -46.45]\n",
      " [-51.48 -48.96 -44.66 -40.6 ]\n",
      " [-48.72 -44.66 -36.77 -27.05]\n",
      " [-46.45 -40.6  -27.05   0.  ]]\n",
      "-------- 115 --------\n",
      "[[-53.36 -51.6  -48.83 -46.55]\n",
      " [-51.6  -49.07 -44.76 -40.69]\n",
      " [-48.83 -44.76 -36.85 -27.1 ]\n",
      " [-46.55 -40.69 -27.1    0.  ]]\n",
      "-------- 116 --------\n",
      "[[-53.48 -51.71 -48.94 -46.66]\n",
      " [-51.71 -49.18 -44.86 -40.78]\n",
      " [-48.94 -44.86 -36.93 -27.16]\n",
      " [-46.66 -40.78 -27.16   0.  ]]\n",
      "-------- 117 --------\n",
      "[[-53.6  -51.83 -49.04 -46.76]\n",
      " [-51.83 -49.29 -44.96 -40.86]\n",
      " [-49.04 -44.96 -37.01 -27.22]\n",
      " [-46.76 -40.86 -27.22   0.  ]]\n",
      "-------- 118 --------\n",
      "[[-53.71 -51.94 -49.15 -46.85]\n",
      " [-51.94 -49.39 -45.05 -40.95]\n",
      " [-49.15 -45.05 -37.09 -27.27]\n",
      " [-46.85 -40.95 -27.27   0.  ]]\n",
      "-------- 119 --------\n",
      "[[-53.82 -52.05 -49.25 -46.95]\n",
      " [-52.05 -49.49 -45.14 -41.03]\n",
      " [-49.25 -45.14 -37.16 -27.33]\n",
      " [-46.95 -41.03 -27.33   0.  ]]\n",
      "-------- 120 --------\n",
      "[[-53.94 -52.15 -49.35 -47.05]\n",
      " [-52.15 -49.6  -45.23 -41.11]\n",
      " [-49.35 -45.23 -37.24 -27.38]\n",
      " [-47.05 -41.11 -27.38   0.  ]]\n",
      "-------- 121 --------\n",
      "[[-54.04 -52.26 -49.44 -47.14]\n",
      " [-52.26 -49.69 -45.32 -41.19]\n",
      " [-49.44 -45.32 -37.31 -27.43]\n",
      " [-47.14 -41.19 -27.43   0.  ]]\n",
      "-------- 122 --------\n",
      "[[-54.15 -52.36 -49.54 -47.23]\n",
      " [-52.36 -49.79 -45.41 -41.27]\n",
      " [-49.54 -45.41 -37.38 -27.48]\n",
      " [-47.23 -41.27 -27.48   0.  ]]\n",
      "-------- 123 --------\n",
      "[[-54.26 -52.46 -49.63 -47.32]\n",
      " [-52.46 -49.88 -45.5  -41.35]\n",
      " [-49.63 -45.5  -37.45 -27.53]\n",
      " [-47.32 -41.35 -27.53   0.  ]]\n",
      "-------- 124 --------\n",
      "[[-54.36 -52.56 -49.73 -47.4 ]\n",
      " [-52.56 -49.98 -45.58 -41.42]\n",
      " [-49.73 -45.58 -37.51 -27.58]\n",
      " [-47.4  -41.42 -27.58   0.  ]]\n",
      "-------- 125 --------\n",
      "[[-54.46 -52.66 -49.82 -47.49]\n",
      " [-52.66 -50.07 -45.66 -41.5 ]\n",
      " [-49.82 -45.66 -37.58 -27.63]\n",
      " [-47.49 -41.5  -27.63   0.  ]]\n",
      "-------- 126 --------\n",
      "[[-54.56 -52.75 -49.91 -47.57]\n",
      " [-52.75 -50.16 -45.74 -41.57]\n",
      " [-49.91 -45.74 -37.65 -27.68]\n",
      " [-47.57 -41.57 -27.68   0.  ]]\n",
      "-------- 127 --------\n",
      "[[-54.65 -52.84 -49.99 -47.66]\n",
      " [-52.84 -50.25 -45.82 -41.64]\n",
      " [-49.99 -45.82 -37.71 -27.72]\n",
      " [-47.66 -41.64 -27.72   0.  ]]\n",
      "-------- 128 --------\n",
      "[[-54.75 -52.93 -50.08 -47.74]\n",
      " [-52.93 -50.33 -45.9  -41.71]\n",
      " [-50.08 -45.9  -37.77 -27.77]\n",
      " [-47.74 -41.71 -27.77   0.  ]]\n",
      "-------- 129 --------\n",
      "[[-54.84 -53.02 -50.16 -47.81]\n",
      " [-53.02 -50.42 -45.97 -41.78]\n",
      " [-50.16 -45.97 -37.83 -27.81]\n",
      " [-47.81 -41.78 -27.81   0.  ]]\n",
      "-------- 130 --------\n",
      "[[-54.93 -53.11 -50.24 -47.89]\n",
      " [-53.11 -50.5  -46.05 -41.84]\n",
      " [-50.24 -46.05 -37.89 -27.86]\n",
      " [-47.89 -41.84 -27.86   0.  ]]\n",
      "-------- 131 --------\n",
      "[[-55.02 -53.2  -50.32 -47.97]\n",
      " [-53.2  -50.58 -46.12 -41.91]\n",
      " [-50.32 -46.12 -37.95 -27.9 ]\n",
      " [-47.97 -41.91 -27.9    0.  ]]\n",
      "-------- 132 --------\n",
      "[[-55.11 -53.28 -50.4  -48.04]\n",
      " [-53.28 -50.66 -46.19 -41.97]\n",
      " [-50.4  -46.19 -38.01 -27.94]\n",
      " [-48.04 -41.97 -27.94   0.  ]]\n",
      "-------- 133 --------\n",
      "[[-55.19 -53.36 -50.48 -48.11]\n",
      " [-53.36 -50.73 -46.26 -42.04]\n",
      " [-50.48 -46.26 -38.06 -27.98]\n",
      " [-48.11 -42.04 -27.98   0.  ]]\n",
      "-------- 134 --------\n",
      "[[-55.28 -53.44 -50.55 -48.19]\n",
      " [-53.44 -50.81 -46.33 -42.1 ]\n",
      " [-50.55 -46.33 -38.12 -28.02]\n",
      " [-48.19 -42.1  -28.02   0.  ]]\n",
      "-------- 135 --------\n",
      "[[-55.36 -53.52 -50.63 -48.26]\n",
      " [-53.52 -50.89 -46.4  -42.16]\n",
      " [-50.63 -46.4  -38.17 -28.06]\n",
      " [-48.26 -42.16 -28.06   0.  ]]\n",
      "-------- 136 --------\n",
      "[[-55.44 -53.6  -50.7  -48.32]\n",
      " [-53.6  -50.96 -46.46 -42.22]\n",
      " [-50.7  -46.46 -38.23 -28.1 ]\n",
      " [-48.32 -42.22 -28.1    0.  ]]\n",
      "-------- 137 --------\n",
      "[[-55.52 -53.67 -50.77 -48.39]\n",
      " [-53.67 -51.03 -46.53 -42.28]\n",
      " [-50.77 -46.53 -38.28 -28.14]\n",
      " [-48.39 -42.28 -28.14   0.  ]]\n",
      "-------- 138 --------\n",
      "[[-55.6  -53.75 -50.84 -48.46]\n",
      " [-53.75 -51.1  -46.59 -42.33]\n",
      " [-50.84 -46.59 -38.33 -28.17]\n",
      " [-48.46 -42.33 -28.17   0.  ]]\n",
      "-------- 139 --------\n",
      "[[-55.67 -53.82 -50.91 -48.52]\n",
      " [-53.82 -51.17 -46.65 -42.39]\n",
      " [-50.91 -46.65 -38.38 -28.21]\n",
      " [-48.52 -42.39 -28.21   0.  ]]\n",
      "-------- 140 --------\n",
      "[[-55.75 -53.89 -50.98 -48.59]\n",
      " [-53.89 -51.24 -46.71 -42.44]\n",
      " [-50.98 -46.71 -38.43 -28.24]\n",
      " [-48.59 -42.44 -28.24   0.  ]]\n",
      "-------- 141 --------\n",
      "[[-55.82 -53.96 -51.04 -48.65]\n",
      " [-53.96 -51.3  -46.77 -42.5 ]\n",
      " [-51.04 -46.77 -38.48 -28.28]\n",
      " [-48.65 -42.5  -28.28   0.  ]]\n",
      "-------- 142 --------\n",
      "[[-55.89 -54.03 -51.11 -48.71]\n",
      " [-54.03 -51.37 -46.83 -42.55]\n",
      " [-51.11 -46.83 -38.53 -28.31]\n",
      " [-48.71 -42.55 -28.31   0.  ]]\n",
      "-------- 143 --------\n",
      "[[-55.96 -54.1  -51.17 -48.77]\n",
      " [-54.1  -51.43 -46.89 -42.6 ]\n",
      " [-51.17 -46.89 -38.57 -28.35]\n",
      " [-48.77 -42.6  -28.35   0.  ]]\n",
      "-------- 144 --------\n",
      "[[-56.03 -54.16 -51.23 -48.83]\n",
      " [-54.16 -51.49 -46.94 -42.65]\n",
      " [-51.23 -46.94 -38.62 -28.38]\n",
      " [-48.83 -42.65 -28.38   0.  ]]\n",
      "-------- 145 --------\n",
      "[[-56.1  -54.23 -51.29 -48.88]\n",
      " [-54.23 -51.55 -47.   -42.7 ]\n",
      " [-51.29 -47.   -38.66 -28.41]\n",
      " [-48.88 -42.7  -28.41   0.  ]]\n",
      "-------- 146 --------\n",
      "[[-56.16 -54.29 -51.35 -48.94]\n",
      " [-54.29 -51.61 -47.05 -42.75]\n",
      " [-51.35 -47.05 -38.7  -28.44]\n",
      " [-48.94 -42.75 -28.44   0.  ]]\n",
      "-------- 147 --------\n",
      "[[-56.23 -54.36 -51.41 -48.99]\n",
      " [-54.36 -51.67 -47.1  -42.8 ]\n",
      " [-51.41 -47.1  -38.75 -28.47]\n",
      " [-48.99 -42.8  -28.47   0.  ]]\n",
      "-------- 148 --------\n",
      "[[-56.29 -54.42 -51.47 -49.05]\n",
      " [-54.42 -51.73 -47.16 -42.84]\n",
      " [-51.47 -47.16 -38.79 -28.5 ]\n",
      " [-49.05 -42.84 -28.5    0.  ]]\n",
      "-------- 149 --------\n",
      "[[-56.35 -54.48 -51.52 -49.1 ]\n",
      " [-54.48 -51.79 -47.21 -42.89]\n",
      " [-51.52 -47.21 -38.83 -28.53]\n",
      " [-49.1  -42.89 -28.53   0.  ]]\n",
      "-------- 150 --------\n",
      "[[-56.41 -54.53 -51.58 -49.15]\n",
      " [-54.53 -51.84 -47.26 -42.93]\n",
      " [-51.58 -47.26 -38.87 -28.56]\n",
      " [-49.15 -42.93 -28.56   0.  ]]\n",
      "-------- 151 --------\n",
      "[[-56.47 -54.59 -51.63 -49.2 ]\n",
      " [-54.59 -51.9  -47.3  -42.98]\n",
      " [-51.63 -47.3  -38.91 -28.59]\n",
      " [-49.2  -42.98 -28.59   0.  ]]\n",
      "-------- 152 --------\n",
      "[[-56.53 -54.65 -51.68 -49.25]\n",
      " [-54.65 -51.95 -47.35 -43.02]\n",
      " [-51.68 -47.35 -38.95 -28.62]\n",
      " [-49.25 -43.02 -28.62   0.  ]]\n",
      "-------- 153 --------\n",
      "[[-56.59 -54.7  -51.73 -49.3 ]\n",
      " [-54.7  -52.   -47.4  -43.06]\n",
      " [-51.73 -47.4  -38.99 -28.65]\n",
      " [-49.3  -43.06 -28.65   0.  ]]\n",
      "-------- 154 --------\n",
      "[[-56.65 -54.76 -51.78 -49.35]\n",
      " [-54.76 -52.05 -47.45 -43.1 ]\n",
      " [-51.78 -47.45 -39.02 -28.67]\n",
      " [-49.35 -43.1  -28.67   0.  ]]\n",
      "-------- 155 --------\n",
      "[[-56.7  -54.81 -51.83 -49.4 ]\n",
      " [-54.81 -52.1  -47.49 -43.14]\n",
      " [-51.83 -47.49 -39.06 -28.7 ]\n",
      " [-49.4  -43.14 -28.7    0.  ]]\n",
      "-------- 156 --------\n",
      "[[-56.76 -54.86 -51.88 -49.44]\n",
      " [-54.86 -52.15 -47.53 -43.18]\n",
      " [-51.88 -47.53 -39.09 -28.73]\n",
      " [-49.44 -43.18 -28.73   0.  ]]\n",
      "-------- 157 --------\n",
      "[[-56.81 -54.91 -51.93 -49.49]\n",
      " [-54.91 -52.2  -47.58 -43.22]\n",
      " [-51.93 -47.58 -39.13 -28.75]\n",
      " [-49.49 -43.22 -28.75   0.  ]]\n",
      "-------- 158 --------\n",
      "[[-56.86 -54.96 -51.98 -49.53]\n",
      " [-54.96 -52.24 -47.62 -43.26]\n",
      " [-51.98 -47.62 -39.16 -28.78]\n",
      " [-49.53 -43.26 -28.78   0.  ]]\n",
      "-------- 159 --------\n",
      "[[-56.91 -55.01 -52.02 -49.57]\n",
      " [-55.01 -52.29 -47.66 -43.3 ]\n",
      " [-52.02 -47.66 -39.2  -28.8 ]\n",
      " [-49.57 -43.3  -28.8    0.  ]]\n",
      "-------- 160 --------\n",
      "[[-56.96 -55.06 -52.07 -49.62]\n",
      " [-55.06 -52.34 -47.7  -43.33]\n",
      " [-52.07 -47.7  -39.23 -28.82]\n",
      " [-49.62 -43.33 -28.82   0.  ]]\n",
      "-------- 161 --------\n",
      "[[-57.01 -55.11 -52.11 -49.66]\n",
      " [-55.11 -52.38 -47.74 -43.37]\n",
      " [-52.11 -47.74 -39.26 -28.85]\n",
      " [-49.66 -43.37 -28.85   0.  ]]\n",
      "-------- 162 --------\n",
      "[[-57.06 -55.15 -52.15 -49.7 ]\n",
      " [-55.15 -52.42 -47.78 -43.4 ]\n",
      " [-52.15 -47.78 -39.29 -28.87]\n",
      " [-49.7  -43.4  -28.87   0.  ]]\n",
      "-------- 163 --------\n",
      "[[-57.11 -55.2  -52.2  -49.74]\n",
      " [-55.2  -52.47 -47.82 -43.44]\n",
      " [-52.2  -47.82 -39.33 -28.89]\n",
      " [-49.74 -43.44 -28.89   0.  ]]\n",
      "-------- 164 --------\n",
      "[[-57.15 -55.24 -52.24 -49.78]\n",
      " [-55.24 -52.51 -47.86 -43.47]\n",
      " [-52.24 -47.86 -39.36 -28.91]\n",
      " [-49.78 -43.47 -28.91   0.  ]]\n",
      "-------- 165 --------\n",
      "[[-57.2  -55.28 -52.28 -49.82]\n",
      " [-55.28 -52.55 -47.89 -43.51]\n",
      " [-52.28 -47.89 -39.39 -28.94]\n",
      " [-49.82 -43.51 -28.94   0.  ]]\n",
      "-------- 166 --------\n",
      "[[-57.24 -55.33 -52.32 -49.85]\n",
      " [-55.33 -52.59 -47.93 -43.54]\n",
      " [-52.32 -47.93 -39.41 -28.96]\n",
      " [-49.85 -43.54 -28.96   0.  ]]\n",
      "-------- 167 --------\n",
      "[[-57.28 -55.37 -52.36 -49.89]\n",
      " [-55.37 -52.63 -47.96 -43.57]\n",
      " [-52.36 -47.96 -39.44 -28.98]\n",
      " [-49.89 -43.57 -28.98   0.  ]]\n",
      "-------- 168 --------\n",
      "[[-57.33 -55.41 -52.4  -49.93]\n",
      " [-55.41 -52.67 -48.   -43.6 ]\n",
      " [-52.4  -48.   -39.47 -29.  ]\n",
      " [-49.93 -43.6  -29.     0.  ]]\n",
      "-------- 169 --------\n",
      "[[-57.37 -55.45 -52.43 -49.96]\n",
      " [-55.45 -52.7  -48.03 -43.63]\n",
      " [-52.43 -48.03 -39.5  -29.02]\n",
      " [-49.96 -43.63 -29.02   0.  ]]\n",
      "-------- 170 --------\n",
      "[[-57.41 -55.49 -52.47 -50.  ]\n",
      " [-55.49 -52.74 -48.07 -43.66]\n",
      " [-52.47 -48.07 -39.53 -29.04]\n",
      " [-50.   -43.66 -29.04   0.  ]]\n",
      "-------- 171 --------\n",
      "[[-57.45 -55.53 -52.51 -50.03]\n",
      " [-55.53 -52.78 -48.1  -43.69]\n",
      " [-52.51 -48.1  -39.55 -29.06]\n",
      " [-50.03 -43.69 -29.06   0.  ]]\n",
      "-------- 172 --------\n",
      "[[-57.49 -55.56 -52.54 -50.06]\n",
      " [-55.56 -52.81 -48.13 -43.72]\n",
      " [-52.54 -48.13 -39.58 -29.07]\n",
      " [-50.06 -43.72 -29.07   0.  ]]\n",
      "-------- 173 --------\n",
      "[[-57.53 -55.6  -52.58 -50.1 ]\n",
      " [-55.6  -52.85 -48.16 -43.75]\n",
      " [-52.58 -48.16 -39.6  -29.09]\n",
      " [-50.1  -43.75 -29.09   0.  ]]\n",
      "-------- 174 --------\n",
      "[[-57.56 -55.64 -52.61 -50.13]\n",
      " [-55.64 -52.88 -48.19 -43.78]\n",
      " [-52.61 -48.19 -39.63 -29.11]\n",
      " [-50.13 -43.78 -29.11   0.  ]]\n",
      "-------- 175 --------\n",
      "[[-57.6  -55.67 -52.64 -50.16]\n",
      " [-55.67 -52.92 -48.22 -43.8 ]\n",
      " [-52.64 -48.22 -39.65 -29.13]\n",
      " [-50.16 -43.8  -29.13   0.  ]]\n",
      "-------- 176 --------\n",
      "[[-57.64 -55.71 -52.68 -50.19]\n",
      " [-55.71 -52.95 -48.25 -43.83]\n",
      " [-52.68 -48.25 -39.68 -29.15]\n",
      " [-50.19 -43.83 -29.15   0.  ]]\n",
      "-------- 177 --------\n",
      "[[-57.67 -55.74 -52.71 -50.22]\n",
      " [-55.74 -52.98 -48.28 -43.85]\n",
      " [-52.71 -48.28 -39.7  -29.16]\n",
      " [-50.22 -43.85 -29.16   0.  ]]\n",
      "-------- 178 --------\n",
      "[[-57.71 -55.78 -52.74 -50.25]\n",
      " [-55.78 -53.01 -48.31 -43.88]\n",
      " [-52.74 -48.31 -39.72 -29.18]\n",
      " [-50.25 -43.88 -29.18   0.  ]]\n",
      "-------- 179 --------\n",
      "[[-57.74 -55.81 -52.77 -50.28]\n",
      " [-55.81 -53.04 -48.34 -43.91]\n",
      " [-52.77 -48.34 -39.74 -29.2 ]\n",
      " [-50.28 -43.91 -29.2    0.  ]]\n",
      "-------- 180 --------\n",
      "[[-57.78 -55.84 -52.8  -50.31]\n",
      " [-55.84 -53.07 -48.37 -43.93]\n",
      " [-52.8  -48.37 -39.77 -29.21]\n",
      " [-50.31 -43.93 -29.21   0.  ]]\n",
      "-------- 181 --------\n",
      "[[-57.81 -55.87 -52.83 -50.34]\n",
      " [-55.87 -53.1  -48.39 -43.95]\n",
      " [-52.83 -48.39 -39.79 -29.23]\n",
      " [-50.34 -43.95 -29.23   0.  ]]\n",
      "-------- 182 --------\n",
      "[[-57.84 -55.9  -52.86 -50.36]\n",
      " [-55.9  -53.13 -48.42 -43.98]\n",
      " [-52.86 -48.42 -39.81 -29.24]\n",
      " [-50.36 -43.98 -29.24   0.  ]]\n",
      "-------- 183 --------\n",
      "[[-57.87 -55.93 -52.89 -50.39]\n",
      " [-55.93 -53.16 -48.44 -44.  ]\n",
      " [-52.89 -48.44 -39.83 -29.26]\n",
      " [-50.39 -44.   -29.26   0.  ]]\n",
      "-------- 184 --------\n",
      "[[-57.9  -55.96 -52.91 -50.42]\n",
      " [-55.96 -53.19 -48.47 -44.02]\n",
      " [-52.91 -48.47 -39.85 -29.27]\n",
      " [-50.42 -44.02 -29.27   0.  ]]\n",
      "-------- 185 --------\n",
      "[[-57.93 -55.99 -52.94 -50.44]\n",
      " [-55.99 -53.22 -48.49 -44.05]\n",
      " [-52.94 -48.49 -39.87 -29.29]\n",
      " [-50.44 -44.05 -29.29   0.  ]]\n",
      "-------- 186 --------\n",
      "[[-57.96 -56.02 -52.97 -50.47]\n",
      " [-56.02 -53.24 -48.52 -44.07]\n",
      " [-52.97 -48.52 -39.89 -29.3 ]\n",
      " [-50.47 -44.07 -29.3    0.  ]]\n",
      "-------- 187 --------\n",
      "[[-57.99 -56.05 -52.99 -50.49]\n",
      " [-56.05 -53.27 -48.54 -44.09]\n",
      " [-52.99 -48.54 -39.91 -29.31]\n",
      " [-50.49 -44.09 -29.31   0.  ]]\n",
